Id,SalePrice
1461,123475.11992237488
1462,163889.0706833582
1463,184317.95999929067
1464,202370.0820917389
1465,196258.4801693594
1466,172313.53207412196
1467,177865.7957429594
1468,165053.13005393514
1469,194759.3126891945
1470,117905.95617227684
1471,200729.08650920627
1472,101033.97932398714
1473,98202.65256827635
1474,148216.69008465527
1475,111094.35356318615
1476,361692.18796568963
1477,256640.84754645525
1478,279185.1070714376
1479,282812.7013253344
1480,490103.3735551838
1481,332896.78565817565
1482,220703.84062040458
1483,182155.19756704583
1484,162483.04042591926
1485,189633.27943303814
1486,194758.81272963103
1487,323575.53969040245
1488,234089.36643273593
1489,197235.41426876525
1490,235348.14008619502
1491,195385.9559692564
1492,93479.45637903184
1493,181598.6840712463
1494,282082.83927665453
1495,281489.05820941896
1496,231069.64447110414
1497,181156.7991319062
1498,169563.83884479504
1499,162004.77730888536
1500,162669.81602847335
1501,184115.42534489086
1502,148959.16020608577
1503,289608.5643452696
1504,244789.43506306875
1505,226855.9931380499
1506,204815.27500185877
1507,259538.75608255217
1508,213870.83973947438
1509,157328.12718764
1510,147966.4358988954
1511,152414.05767890086
1512,179377.04398880442
1513,148014.01396758322
1514,154779.63761219283
1515,200038.688342185
1516,152786.5901835497
1517,180465.42808158798
1518,133282.34463710373
1519,214171.3404099081
1520,133080.96088229842
1521,132996.17176631524
1522,185328.8306959359
1523,111178.14372647666
1524,125263.76846030905
1525,116751.6743005781
1526,119102.12466534621
1527,110097.5339580139
1528,135973.85649064658
1529,148242.30163277092
1530,184755.51228505242
1531,109140.70957575725
1532,100760.75560012284
1533,166513.3743235327
1534,121579.99304456954
1535,147525.38049965177
1536,108154.47696414491
1537,70390.43713053744
1538,153987.10909149866
1539,199349.04378347637
1540,95397.63802521343
1541,144706.49189171358
1542,142606.28205943966
1543,201289.76111354493
1544,95344.12570337993
1545,122788.54011631843
1546,140575.35604195567
1547,132165.28171768086
1548,144228.37210638044
1549,127113.67626349139
1550,136627.0487834378
1551,107776.20582098483
1552,138311.56642945166
1553,148564.77335364916
1554,116596.04595248916
1555,176075.42111821673
1556,85962.70801831497
1557,110506.3683755063
1558,104544.50688561426
1559,71672.99965931104
1560,132410.53791829644
1561,136639.6013323264
1562,137230.95181573887
1563,124544.19091323412
1564,161108.3918594738
1565,139555.86415324456
1566,251581.94741825038
1567,80088.58814217769
1568,255265.50353134322
1569,128794.15117247954
1570,144645.49471477524
1571,119076.3319131914
1572,145093.29671375296
1573,251729.54713090629
1574,125597.3402717542
1575,231591.0501477116
1576,259633.91160017112
1577,182672.8279333306
1578,141180.31618724435
1579,146824.412854763
1580,193419.60543417223
1581,160992.3620292505
1582,121035.83526598645
1583,301673.2971559623
1584,216286.22427126582
1585,137613.2191929834
1586,65271.59075413772
1587,99553.20723777077
1588,153054.27561789035
1589,100547.20251401264
1590,137841.46484341915
1591,97872.92266022369
1592,114833.9151625949
1593,121952.44095143367
1594,125563.93928685819
1595,112423.57114261539
1596,224855.1297028416
1597,194759.283620964
1598,239311.05617048117
1599,168857.48987327964
1600,168064.82366489214
1601,69609.06801578273
1602,116007.79110943574
1603,61565.875301635584
1604,271255.79590085166
1605,246270.84613071725
1606,178250.0193933795
1607,187453.12669312797
1608,226586.77969928482
1609,185161.3687333215
1610,148713.813119584
1611,147513.25988430195
1612,170654.64353949562
1613,171463.27314622467
1614,131967.01828686224
1615,98544.73065241214
1616,86038.01257279135
1617,96433.34963153642
1618,124583.32741388286
1619,136088.6588970402
1620,167772.42223787238
1621,136294.9088487368
1622,136958.96205700823
1623,254569.6786242583
1624,217736.19663355162
1625,122086.28409136874
1626,179293.498640464
1627,192302.47283529962
1628,268521.7644455644
1629,177324.4721487945
1630,345930.5652174195
1631,227067.31975901904
1632,247623.1518349177
1633,167186.61679476924
1634,189007.4333440227
1635,176079.7389337938
1636,150613.1389516155
1637,208829.59039704615
1638,182114.37101972388
1639,190469.97537655212
1640,261619.10961509103
1641,185114.17637501002
1642,248109.63313390262
1643,211944.83489199987
1644,232844.29702921596
1645,204429.29637068394
1646,158701.86082469457
1647,154611.41996427262
1648,131949.533237295
1649,148572.17278253948
1650,112408.47786649686
1651,121434.19739878074
1652,103779.55575875727
1653,106154.13980303537
1654,144155.1633259126
1655,133212.97347557524
1656,141260.26911563743
1657,148221.60197488705
1658,142291.2213993043
1659,115614.08268518635
1660,159926.45253676007
1661,431849.6112962126
1662,393343.8466017331
1663,375915.7337092315
1664,499458.16535623884
1665,294425.2620284773
1666,314930.7838120718
1667,386887.5374520784
1668,340045.0825215863
1669,296204.37227681093
1670,334412.6564864192
1671,271794.2272280141
1672,421647.50995189586
1673,299518.0403290065
1674,245889.38595709988
1675,206431.47581843493
1676,211384.51731643785
1677,231912.64487902232
1678,458323.1384964245
1679,379210.6565545495
1680,342957.52492103074
1681,239557.0808664026
1682,294635.2309748661
1683,186624.6445585891
1684,171858.5502792833
1685,177110.51096458518
1686,171892.9228968578
1687,166868.22386923476
1688,191255.22407613593
1689,194732.1933285816
1690,198068.866463406
1691,187317.22565476695
1692,249385.57149501913
1693,163858.74944748703
1694,184632.74710766
1695,156966.1613665746
1696,270117.7654756471
1697,166501.46676017906
1698,334283.39393294306
1699,302269.4925055998
1700,244938.97131274285
1701,273223.2285578154
1702,237650.30845226135
1703,231744.31392313592
1704,272864.25248657895
1705,231167.37383726978
1706,400357.1713290711
1707,206849.14791465987
1708,203812.04282475676
1709,274105.1394116569
1710,230895.5378540808
1711,267879.30130440067
1712,264477.23707568506
1713,270333.6390227813
1714,224038.09798604695
1715,211585.82343902352
1716,180956.78415661657
1717,177207.45622098024
1718,138831.91055182012
1719,204980.86845812315
1720,228958.22605731722
1721,166140.0904492382
1722,130216.00945235406
1723,161517.98060160747
1724,205016.0251055878
1725,240575.51750302772
1726,180738.39267695884
1727,158813.96311639194
1728,174470.0336503226
1729,166836.13582587772
1730,156258.05694560905
1731,122710.5240506279
1732,128395.87099130095
1733,112011.88454641319
1734,126588.15059488954
1735,125337.97328198553
1736,108693.50886886397
1737,287751.6409403545
1738,248939.73368840854
1739,238486.61115629657
1740,232272.4875139489
1741,196496.0280257281
1742,179613.14837060857
1743,187109.00794855526
1744,342686.1043340521
1745,219327.15463176908
1746,190847.7396014775
1747,218250.78769723143
1748,234461.28447601586
1749,147626.60937940437
1750,127487.72650120899
1751,257819.12379476547
1752,117852.48646020135
1753,156855.51923480257
1754,203599.38942143918
1755,169512.1099857621
1756,132313.65623939785
1757,124559.48989743037
1758,145732.29343505795
1759,159988.14726150737
1760,164209.87999855896
1761,157196.94797513218
1762,177906.7181544803
1763,184102.35355443088
1764,115771.99430647583
1765,174764.68772729315
1766,198437.9973115106
1767,238215.73728735352
1768,142926.313873393
1769,176699.5311646648
1770,164132.4299400744
1771,120429.91072338876
1772,139395.90841840667
1773,126757.01123101199
1774,156246.45719795287
1775,152331.9663541674
1776,128579.2900962802
1777,101007.26552684388
1778,141014.53413284323
1779,120948.7440875073
1780,171988.7083039525
1781,122882.36867024716
1782,91310.12043146316
1783,144595.06895653848
1784,105057.51505046611
1785,129872.47995812664
1786,139724.51249972504
1787,164214.79439888624
1788,64703.43501275446
1789,103169.30986516264
1790,83353.39282607392
1791,188105.836735501
1792,168363.9772047461
1793,130966.33828235992
1794,158238.2103872807
1795,142231.75096709636
1796,120631.44946229816
1797,117033.66939030611
1798,118878.46492659891
1799,110731.2585971477
1800,123831.54113737954
1801,124743.37419708775
1802,131975.37233894286
1803,147933.35229274188
1804,143300.13202183822
1805,135759.55773048656
1806,130909.51051516818
1807,136095.37313910705
1808,119102.77255945092
1809,124945.27712157919
1810,133253.8517182108
1811,86847.24331251136
1812,104887.0020949913
1813,124024.38868083729
1814,90898.34945019048
1815,62973.23053106112
1816,101668.46242259274
1817,112549.78853388932
1818,155886.66940911816
1819,128020.16337535536
1820,56910.84445579701
1821,110805.96841261242
1822,148109.1444948174
1823,48608.69876205106
1824,131276.37888260031
1825,139159.27237269952
1826,107209.47026498105
1827,104624.16931229067
1828,142731.9186063656
1829,124361.74855555262
1830,150145.73830132023
1831,140427.0952120696
1832,62919.590095946376
1833,141615.9584938788
1834,118897.69751294656
1835,135326.15824396862
1836,129033.87780081484
1837,88380.12839158594
1838,131933.94875255096
1839,93169.14546468758
1840,148448.6566119172
1841,137836.0501251957
1842,92161.21740299236
1843,134172.60360777393
1844,134932.12496488556
1845,136929.35346336506
1846,157576.71122150365
1847,180004.84728477267
1848,53000.51415182808
1849,106376.23475929082
1850,123463.46873442513
1851,168907.7499284131
1852,122949.95636014771
1853,126255.76795641855
1854,166476.8404133352
1855,145668.50961316365
1856,221536.9828326384
1857,134396.29256756016
1858,133230.10864258776
1859,116066.1959233147
1860,140171.34162785637
1861,115256.25172988839
1862,312006.48561864445
1863,288333.4280349655
1864,288442.51092058374
1865,344921.5094447099
1866,310771.1182271686
1867,224055.43679240407
1868,288914.1126369109
1869,208306.8954888665
1870,223210.60486201162
1871,242200.8485518265
1872,178017.53584417308
1873,264543.9887016699
1874,156973.95750105556
1875,203661.92838180577
1876,204002.60797845837
1877,211373.11975597954
1878,209695.89440981785
1879,129715.41365682411
1880,130229.66848938538
1881,251393.47016365582
1882,251292.3605972148
1883,183709.23568375767
1884,208713.47746038297
1885,236835.6423560648
1886,274048.1423952101
1887,217210.11498776835
1888,261964.61973137758
1889,170999.42941008377
1890,118878.8274649363
1891,131499.12794400955
1892,97493.26598066583
1893,129694.85955704833
1894,127919.10116349635
1895,141367.8267828565
1896,121844.74167464236
1897,119161.83749128168
1898,112984.23871075825
1899,160545.1233146536
1900,159059.62511542867
1901,168651.16379691745
1902,170785.97018573777
1903,218479.903663847
1904,145108.0235581267
1905,221744.74187932792
1906,135283.8503510915
1907,239950.2809575832
1908,109529.05131895552
1909,128012.67537078618
1910,118305.38745854385
1911,234674.1685188541
1912,367149.2045601928
1913,143115.05463858778
1914,62250.410404549875
1915,330153.63031622703
1916,60641.3348986947
1917,238884.15710898093
1918,141720.96861034035
1919,184656.47504897063
1920,172850.44702233595
1921,359863.4942745125
1922,297598.21354327566
1923,247112.99314373854
1924,231764.9854514478
1925,200881.50802944083
1926,369724.0406318301
1927,138072.37884182838
1928,161096.95667221738
1929,131625.54192167794
1930,125814.87769237412
1931,142034.78673217716
1932,137358.87817718124
1933,177235.58988498824
1934,182503.66401467673
1935,168275.1659267063
1936,192790.04056953703
1937,187220.5100127003
1938,176580.66625434684
1939,235661.76062196217
1940,191702.1734134157
1941,174936.88696815757
1942,189951.51454901218
1943,213358.8970472335
1944,356454.2000093062
1945,372282.78977730445
1946,137040.5711661442
1947,304052.38523728825
1948,186592.8814511249
1949,257620.7541110243
1950,195496.23627191808
1951,251465.53093892697
1952,216138.33227276005
1953,173463.4048273247
1954,183204.75171667925
1955,137840.55040706633
1956,330065.83119558357
1957,157283.39871747937
1958,294994.55280458636
1959,152144.24546500389
1960,116639.22862586514
1961,120655.5874322914
1962,103000.13511121529
1963,109759.87122754456
1964,110506.70160678819
1965,143084.70925049653
1966,130573.9722985779
1967,287900.17944125197
1968,400592.9711639682
1969,365323.8252484756
1970,393741.4760785299
1971,439730.32875441614
1972,364632.51722653955
1973,273891.3837501099
1974,325512.6009075145
1975,579775.9815169441
1976,271982.6302747825
1977,338014.0240263796
1978,339978.26954106527
1979,343783.27494361834
1980,224031.22835524092
1981,348001.2226361092
1982,225360.80097591982
1983,209990.04212195828
1984,175231.85641349273
1985,218118.51266041287
1986,213855.61843665817
1987,180937.9921695283
1988,175023.38190845583
1989,192401.21105573702
1990,209182.79739963985
1991,241921.2343018489
1992,217587.2979300111
1993,163541.6763131739
1994,232683.7319126161
1995,184369.2711492219
1996,242123.92118278964
1997,300637.4222218902
1998,308468.13019547577
1999,262784.3900687446
2000,327279.5943124437
2001,265298.49616153
2002,229412.753300803
2003,259455.034611035
2004,289767.98297701695
2005,210109.42474958143
2006,224255.15032519365
2007,252446.93948798114
2008,215315.7531180084
2009,199242.98502741347
2010,198564.9008439268
2011,148374.29650203526
2012,168964.53325441974
2013,178620.08631587127
2014,190620.72179169682
2015,210575.67130106452
2016,194519.2390499779
2017,199244.03670316184
2018,117996.4002591132
2019,129916.60375046238
2020,113327.48421489872
2021,98451.30373625345
2022,190682.7432156051
2023,139951.888584448
2024,279978.1726228667
2025,350992.3277502397
2026,180702.53224522035
2027,165679.08944977602
2028,151067.84126928804
2029,174242.4549949737
2030,275337.4988398116
2031,228939.52525686054
2032,246872.33473580843
2033,261109.37045128885
2034,174089.49891944398
2035,230708.77588417835
2036,205673.35826050042
2037,213081.73900079288
2038,332137.2241653429
2039,223248.7645134884
2040,274687.09143878723
2041,326510.3324568081
2042,205929.6820531423
2043,186477.90057417186
2044,174046.0888900534
2045,220037.04149793446
2046,148603.779651356
2047,140347.62935614304
2048,143884.7226179677
2049,147132.53464543037
2050,166257.797073956
2051,101257.709569898
2052,123671.22578565001
2053,149940.30410932333
2054,96873.7876858983
2055,153932.9132522295
2056,146053.84681367828
2057,110821.81710994044
2058,221301.83135524797
2059,136716.39540334296
2060,185140.96645356502
2061,175241.76821857726
2062,131948.83713658454
2063,126252.22729992203
2064,144259.1191428164
2065,121413.15400212232
2066,171750.98742725473
2067,102035.78346628856
2068,145818.24817596073
2069,91171.361101936
2070,116934.01530291258
2071,100014.25928950202
2072,134622.38956072807
2073,132776.11728042856
2074,193014.35429693208
2075,149099.59086901444
2076,118360.04195063938
2077,158753.1973930685
2078,121174.4446721883
2079,129674.07051718156
2080,123666.33251487848
2081,119965.8365396086
2082,118427.54812200593
2083,145566.0191024442
2084,113469.55334292098
2085,114144.3026630129
2086,119320.88978086722
2087,120105.33791080539
2088,96259.03893315596
2089,82775.66959374967
2090,125861.79782332758
2091,99198.21066397977
2092,119399.08114568071
2093,121928.98785200877
2094,109868.08187248855
2095,144726.0854580777
2096,87054.84476430823
2097,97359.71872929066
2098,152066.60640100203
2099,60949.19652233481
2100,72029.10038943081
2101,107974.30523185815
2102,127933.66279432843
2103,105162.85672641036
2104,141917.72742778272
2105,129208.96495502295
2106,61853.462965716324
2107,194635.41986568624
2108,119819.62967076983
2109,113961.88806945938
2110,133540.23567419546
2111,150755.49090618672
2112,143471.46853090692
2113,118497.3623339303
2114,125706.09915710877
2115,171110.2899549477
2116,117632.31021603981
2117,158798.58597494036
2118,124446.09807869859
2119,123386.60778175619
2120,113926.25976574085
2121,121785.68592949727
2122,126093.60649759565
2123,82502.13136349502
2124,152704.05895233975
2125,127793.56418803039
2126,147910.66434033687
2127,167920.37126894007
2128,131605.61922294862
2129,76516.55693175227
2130,138099.44523994607
2131,137674.5900501755
2132,117625.94156723883
2133,127822.22988979303
2134,130261.3235703245
2135,94980.79515369273
2136,82785.03598532875
2137,107677.79426469062
2138,133734.81724457824
2139,151321.9881418525
2140,143838.81886510228
2141,159933.16665179346
2142,130792.8499680816
2143,145111.68361770958
2144,120930.8059274671
2145,138284.67088941997
2146,173158.08451781762
2147,147355.85831675673
2148,137767.08074237156
2149,151044.58995351993
2150,236143.02119805306
2151,111932.71581432497
2152,171486.57715236256
2153,164826.35716219948
2154,108823.57212692378
2155,143583.67437116045
2156,278117.456538228
2157,232003.5530112754
2158,238607.31620799613
2159,215839.31673690153
2160,186242.58315728867
2161,246219.2646253737
2162,416438.5234611955
2163,344567.3501815383
2164,243915.44853564465
2165,209904.7358050431
2166,161098.2556696536
2167,215867.8839211904
2168,198529.22149541296
2169,197227.80877904082
2170,227805.1252348512
2171,154450.2104194163
2172,135067.85248251338
2173,160789.48003329657
2174,231642.94628476643
2175,288282.11237020104
2176,296157.31101789745
2177,242815.16096040508
2178,219714.77698232335
2179,137148.1277398501
2180,209933.47931897108
2181,201804.89151667594
2182,230843.53022570274
2183,194725.94458921492
2184,120095.94982281915
2185,120684.8887284283
2186,154261.82763125288
2187,152902.41267108318
2188,155548.6238294046
2189,328967.7304961321
2190,82987.69997935611
2191,84158.918386316
2192,95291.43588622333
2193,115339.60306551296
2194,101787.2448499967
2195,113072.65402397607
2196,97003.84968323392
2197,115841.47129778606
2198,166693.76606691862
2199,189037.0262892792
2200,162467.3201364584
2201,142732.03036985052
2202,230445.06623783664
2203,136560.85828977122
2204,174545.65552769764
2205,124406.09516576146
2206,150622.98317489284
2207,218803.20768319548
2208,292845.57719648693
2209,262574.85974833916
2210,117067.260181815
2211,118407.40493780114
2212,123094.84470858
2213,106949.27439177284
2214,128207.35359700989
2215,101271.62428473117
2216,155120.4247328263
2217,60675.883944965375
2218,73385.61218224296
2219,69282.07898645928
2220,55868.64858059399
2221,328384.2170444053
2222,289938.6607279833
2223,290259.0833025073
2224,207735.2508736463
2225,123912.08922349571
2226,187693.33706630976
2227,200480.41575844216
2228,258644.95025875702
2229,269452.5785625883
2230,148208.81053649326
2231,221745.1675706124
2232,179630.45912980867
2233,180729.40127582135
2234,239939.12790335805
2235,218329.4240024331
2236,267554.6895035101
2237,312851.2306520749
2238,181563.3969920364
2239,114233.97160584496
2240,156788.79895532824
2241,153848.00980448152
2242,125283.82485071551
2243,138095.37664625762
2244,107734.04734985788
2245,101502.61827624528
2246,141558.74052385316
2247,121680.6334553832
2248,120515.86947177774
2249,114413.45858772898
2250,122370.01641261701
2251,99666.17023288869
2252,189300.02750282953
2253,151791.69880029932
2254,177120.64516709247
2255,187589.9280380448
2256,170498.21961096372
2257,210061.05609547716
2258,158173.15311060098
2259,175475.22432660198
2260,128702.05927438235
2261,188110.89537496422
2262,205479.64631344777
2263,377496.3591992984
2264,534171.4410768478
2265,161136.01694388018
2266,297076.55658342177
2267,364622.5639454783
2268,401085.94892363885
2269,155091.0134194187
2270,203161.2779170713
2271,215929.6626092006
2272,194033.00748367936
2273,159609.09767908574
2274,183384.68950879766
2275,168277.70416995912
2276,184529.26218080733
2277,177373.71229198098
2278,142076.20881304017
2279,125040.82452736619
2280,122168.20903977199
2281,173640.41485631606
2282,202049.87830218408
2283,111379.19048915096
2284,118034.13894857738
2285,142729.45182996235
2286,124289.59942868057
2287,362461.1754745111
2288,274709.35574516514
2289,372388.4073141556
2290,453319.8828438413
2291,325140.2878904543
2292,427960.04226949613
2293,477566.08114414365
2294,391629.73894131044
2295,519857.02772783884
2296,309457.93266264
2297,338879.7001159432
2298,344707.65297965915
2299,363513.0915831233
2300,323916.8239161703
2301,313038.30923485156
2302,254632.1427716121
2303,253363.6636663458
2304,258405.6787108735
2305,216829.42368185872
2306,208365.84826086825
2307,216640.81614607165
2308,236260.26008861407
2309,289103.39019798086
2310,221420.25329874235
2311,209040.503825801
2312,182491.33007168386
2313,172221.98303888412
2314,178590.15739341328
2315,186275.67470851107
2316,205444.34282904674
2317,199117.37019947486
2318,189194.79052754512
2319,187094.66188256643
2320,184541.3812147225
2321,226959.63898960844
2322,185408.05279472854
2323,189485.35022427165
2324,184816.70239075142
2325,229662.49705329258
2326,171141.84734394305
2327,198657.96582815974
2328,217346.81397341698
2329,199990.10516189094
2330,186358.72271529294
2331,351293.9419573867
2332,376439.68459085823
2333,310603.88513232995
2334,248410.80181221833
2335,269056.96468835697
2336,293013.97817002394
2337,195615.37044513872
2338,258445.4043010753
2339,220415.5296242562
2340,395492.8069457279
2341,226564.1180215367
2342,232102.58487758588
2343,227474.33037191964
2344,210145.29551171203
2345,227768.52094304503
2346,215035.7160270277
2347,203052.40954576922
2348,245593.3183696172
2349,184793.2070909966
2350,314945.2733875002
2351,268548.8627339328
2352,259857.542807532
2353,243482.57765522986
2354,145520.08964137288
2355,144659.60163140314
2356,156801.93242386766
2357,191178.87483859828
2358,205034.61591580848
2359,135785.30528966195
2360,116908.55388127003
2361,153152.39801528447
2362,288906.6912563041
2363,137105.61254160522
2364,159171.93509340545
2365,227397.44904473933
2366,200255.9445201263
2367,235829.25347352482
2368,208754.80722329565
2369,229524.12830328237
2370,171549.06636935004
2371,168476.11753358738
2372,191260.34573443414
2373,278094.73371179303
2374,332028.0565528967
2375,248103.7694348806
2376,304245.1472636968
2377,348804.78980248136
2378,143744.01406303252
2379,207052.19627155032
2380,143773.16712129052
2381,167294.4755308076
2382,213033.03545359304
2383,208120.23061427425
2384,254190.7547038597
2385,169706.85311946855
2386,131507.1310335346
2387,133801.5102645603
2388,105795.24450609923
2389,116425.89434965742
2390,144745.3705051214
2391,146329.43391985996
2392,116516.04770443062
2393,170110.76510599346
2394,141161.95917182788
2395,215769.6574037349
2396,146150.0531855047
2397,238912.930168092
2398,129902.00257150916
2399,72537.65598843143
2400,69468.94364865868
2401,120605.61075474632
2402,140086.3819879575
2403,151446.277832989
2404,158804.97955670112
2405,165998.5517835152
2406,147144.01171473868
2407,119327.44587351842
2408,160228.6029598905
2409,125560.68964559979
2410,164349.20216427904
2411,112479.24113670005
2412,156974.47141108225
2413,134983.39846150388
2414,162960.01240213012
2415,138829.39833590353
2416,123618.95264088405
2417,132815.0043580129
2418,131227.57437603673
2419,129917.31336882533
2420,119227.23410966656
2421,143792.96251652527
2422,108204.02622150464
2423,113476.05194795839
2424,161330.06192093468
2425,212251.5362240468
2426,132979.30955363213
2427,127990.68429723443
2428,174548.54381089413
2429,119291.19303242832
2430,132230.45581250126
2431,100334.73616740538
2432,147312.50041836395
2433,143981.6957674541
2434,146009.58815431883
2435,151847.58412322527
2436,100004.1751231439
2437,103353.4192398054
2438,120715.03651021578
2439,104782.24744574811
2440,124858.15388895878
2441,92456.67445303129
2442,96754.51169542041
2443,134582.43620604812
2444,137736.8623996694
2445,95731.71491934524
2446,140868.10638388636
2447,207218.8741803252
2448,132981.92861790909
2449,114704.46482092602
2450,151390.25243658427
2451,134674.15519385666
2452,190344.92224074676
2453,98141.43119084844
2454,120453.30581248671
2455,123811.63749924069
2456,138792.2901171879
2457,135154.90951273654
2458,131612.28190181896
2459,115574.70113018753
2460,151816.57532527062
2461,130181.68365189013
2462,136750.37477649056
2463,127289.76340858189
2464,183616.728987432
2465,145980.6312498526
2466,114925.1973785402
2467,134479.79098111036
2468,89866.12672918047
2469,84300.06165158139
2470,198208.8823673435
2471,218952.26498071692
2472,179371.698449687
2473,115195.04956034079
2474,76090.69837482738
2475,219952.65621982305
2476,118687.58399819987
2477,128765.07036821838
2478,155959.0719895303
2479,104815.7887828254
2480,157121.4829766871
2481,124244.69854080248
2482,129176.99428295098
2483,109829.60548191752
2484,124304.90373138453
2485,124095.84449247627
2486,152262.82307406614
2487,159301.38423645578
2488,166432.9332239774
2489,148124.84811713983
2490,141434.24479591683
2491,88761.60877523772
2492,196730.66540988354
2493,153423.9066237231
2494,148122.43460381674
2495,86545.02762695469
2496,260016.0067472889
2497,156743.97710299634
2498,111140.80788921824
2499,84090.25156651359
2500,118222.82150822971
2501,137153.98848269804
2502,143323.872566191
2503,99432.09776153296
2504,159381.4682282668
2505,218433.70382746565
2506,259355.72801642504
2507,305182.751906477
2508,263238.04956762627
2509,223452.0457284431
2510,223477.0188094103
2511,172879.5155405201
2512,203020.14280940656
2513,232312.66902698463
2514,258248.25730613963
2515,153654.06727727017
2516,176782.79518865416
2517,150765.45270746484
2518,163472.61846211393
2519,235066.3599119546
2520,223878.6999683278
2521,187229.12133657368
2522,224802.80981157793
2523,117514.53485153476
2524,134376.33439411953
2525,152784.47251198438
2526,139603.40351179414
2527,121201.7427508137
2528,120160.51720387743
2529,136481.01364022482
2530,117094.77425040571
2531,248993.73264635672
2532,232354.2381858818
2533,191906.08855854324
2534,227441.92556991003
2535,298320.8716461189
2536,239631.85633713324
2537,243090.43460067175
2538,187339.94092996942
2539,192962.89798510025
2540,184940.7894806068
2541,182451.79209476447
2542,165885.24812950677
2543,124762.02205061023
2544,122160.33320337089
2545,136541.89766261686
2546,128553.09389325762
2547,138885.86927010398
2548,153883.555888947
2549,160451.73321657072
2550,1042010.759683959
2551,143366.05356079614
2552,124820.72822939453
2553,75128.0998195609
2554,95645.48584364817
2555,119711.11967902358
2556,100860.28457294179
2557,107081.17849804365
2558,147012.84218826506
2559,149016.33035919737
2560,161951.86461757804
2561,148823.22666290076
2562,148513.81100925663
2563,148319.6164388144
2564,203395.12989999057
2565,137547.98070835936
2566,155640.27402151263
2567,150863.3883305771
2568,209864.5076673401
2569,245422.6027791994
2570,113853.73400322383
2571,213049.3184188716
2572,152197.2985574754
2573,242856.65302710552
2574,365716.8908801558
2575,137528.94495046532
2576,122514.78441583097
2577,136711.83945139853
2578,84562.2942324962
2579,59783.41471683216
2580,86997.98144949767
2581,102554.01794320729
2582,106399.85999599587
2583,312668.73031618603
2584,183843.86489601817
2585,189287.0472039494
2586,231651.8149575483
2587,202697.39926766057
2588,146430.98970018484
2589,147415.85230096497
2590,208572.31334448975
2591,240282.2475742288
2592,222878.17118488657
2593,279765.78717301675
2594,193652.859143636
2595,196653.7832592753
2596,295168.41879257275
2597,181763.40331295395
2598,289651.17842850566
2599,338261.63430426817
2600,147203.90236150686
2601,146274.21142075586
2602,90870.3497929794
2603,95569.9230988008
2604,94732.69480981318
2605,84906.70171624687
2606,146500.426710218
2607,201758.7100176676
2608,190148.04284054207
2609,176953.55674151797
2610,109352.86459219026
2611,132721.46025545505
2612,160881.1823081595
2613,132001.71110052042
2614,120696.07403294728
2615,164919.3899222918
2616,147631.14901957675
2617,188550.09969566
2618,221397.38094436133
2619,206337.39688881882
2620,190072.23297381293
2621,175546.01604696846
2622,183496.7587670641
2623,244650.06147497174
2624,344301.33314584475
2625,307768.48069309717
2626,174197.17662077615
2627,158263.2234821871
2628,472562.55964657664
2629,512054.4038126793
2630,360839.69602037716
2631,493405.41139713285
2632,421833.160955667
2633,298479.7555820813
2634,415493.03075267427
2635,160399.1589940614
2636,170309.3591792133
2637,167680.2376813916
2638,272952.27045346523
2639,188724.04846145795
2640,146556.03773289858
2641,108072.95360753454
2642,206208.89494743376
2643,106182.3375818864
2644,120262.665966116
2645,116722.89394518908
2646,99344.96260299637
2647,107814.09384709391
2648,142440.79093261765
2649,159575.1802842983
2650,142094.82273062985
2651,141458.03819019484
2652,415089.9539773206
2653,257993.0987704131
2654,255250.22357256425
2655,392059.5449306696
2656,329384.32035551826
2657,363930.4824988522
2658,309749.2558924696
2659,287736.0700111916
2660,373081.8451640518
2661,344090.0011483719
2662,350557.9079345418
2663,291487.65333975
2664,274068.4626739085
2665,331830.01060656895
2666,289738.9059548946
2667,173314.47716339058
2668,177410.70439593366
2669,190830.35713304335
2670,284892.1990180141
2671,188269.20153763235
2672,201515.20748914295
2673,202868.52554941166
2674,197356.73138144606
2675,174359.53819120102
2676,195558.82607627523
2677,198266.20798970963
2678,257068.15891386638
2679,269284.92513422493
2680,286330.7132899116
2681,375601.8256512784
2682,311661.3755271448
2683,491647.52269788
2684,305350.74998323835
2685,314100.66604117164
2686,251739.76297195602
2687,292586.0319162112
2688,213023.41713843518
2689,214080.44192034184
2690,420119.2370216597
2691,191771.24863036047
2692,147955.57825078565
2693,211062.73838631916
2694,146933.49718856637
2695,189988.95928155357
2696,182439.6034649524
2697,189806.30013014018
2698,200325.3362976751
2699,180718.90041414418
2700,161133.47822931744
2701,151944.81081885015
2702,119003.86724249815
2703,124991.84237081592
2704,137690.15163495368
2705,113546.5790455597
2706,109066.81075335438
2707,129156.58399241685
2708,132670.1177277768
2709,104496.76349327345
2710,125195.61480270837
2711,302152.23991121555
2712,350802.8303078623
2713,173963.13125985474
2714,145475.40872353938
2715,175847.6800612872
2716,149661.58925057316
2717,192296.9869836272
2718,214479.23610506055
2719,156912.86776443507
2720,174522.4020755621
2721,131355.81205774
2722,165075.0595957399
2723,145947.383863559
2724,120990.5805079817
2725,128611.45233481092
2726,161838.0252399939
2727,180114.74246535264
2728,188297.5780386525
2729,144005.63601070273
2730,156326.2817567136
2731,136302.0625638079
2732,139220.3761335322
2733,155202.3309324482
2734,158250.32804104674
2735,140180.1138417725
2736,136067.74547590094
2737,115925.73419251997
2738,141210.23751237223
2739,155694.57206172988
2740,142150.14655016232
2741,146568.41967979
2742,155288.78730650822
2743,160502.69726692245
2744,158229.6980063058
2745,142702.52882465877
2746,137553.95733280174
2747,146824.4128672914
2748,117483.38665732185
2749,129308.2491506385
2750,135188.3946707863
2751,137380.53211440775
2752,199707.6015004268
2753,158500.68382873727
2754,199120.87178535137
2755,138926.95006091663
2756,94972.27343515008
2757,71288.85148754889
2758,83042.75565184563
2759,164691.23339247165
2760,123183.19505502135
2761,146427.32288876883
2762,147764.54474468846
2763,178364.46583229926
2764,155221.98702866357
2765,310890.7670209
2766,130081.03871338688
2767,90163.14421555273
2768,132413.19447231997
2769,130630.05445459194
2770,132728.63949683198
2771,101626.4543321382
2772,111363.88110868435
2773,160671.77309358006
2774,158851.434444686
2775,110286.0293923874
2776,145728.2124652837
2777,148962.5450868739
2778,108564.08662868598
2779,121344.1411935664
2780,109565.26566379874
2781,99640.79046809181
2782,102819.75257415636
2783,101755.37879624266
2784,129891.12843833725
2785,139491.2190894153
2786,72583.18540123824
2787,133771.19053205434
2788,78599.32274526864
2789,157120.48442718282
2790,100845.10084409987
2791,117490.56608679453
2792,56381.98693874811
2793,173626.8011287126
2794,100567.66194758918
2795,122153.13639058029
2796,102807.15483964057
2797,218533.5600125678
2798,99188.75225713752
2799,111257.3452876807
2800,75747.90454956342
2801,108513.85532572129
2802,131516.61647342466
2803,171484.7112878088
2804,129506.89690803066
2805,101575.96517749758
2806,84006.43921688109
2807,167316.89090803845
2808,148604.3982904138
2809,139790.62001038462
2810,125677.78595454851
2811,163126.28683505103
2812,158901.63870995035
2813,159932.9888647015
2814,165252.22450705667
2815,88812.12816999738
2816,241493.09436907285
2817,159365.04427060642
2818,138530.77993209165
2819,171190.76046885573
2820,138895.31237726833
2821,99212.9539086052
2822,200545.6177999832
2823,368095.7733425646
2824,175678.37613436667
2825,138372.0179500802
2826,142935.3687226756
2827,137851.63487452856
2828,230470.9592860353
2829,205186.65388524113
2830,239506.6846587443
2831,176298.9200574995
2832,260491.65447375298
2833,297502.1249604504
2834,230451.6710385333
2835,225075.26715668547
2836,195192.494556531
2837,169888.73275408475
2838,147863.32374484453
2839,171619.73857733808
2840,207494.56389794886
2841,204699.42932989774
2842,236038.1308069201
2843,147752.1830438878
2844,168246.80759163765
2845,128652.50462917524
2846,208213.74856652736
2847,215506.13756152397
2848,222778.4894431548
2849,194353.45292809603
2850,278821.25998172205
2851,219890.57767582726
2852,243310.37762244805
2853,232273.8961627456
2854,139297.32065709672
2855,199500.26816421145
2856,203864.2051141225
2857,188042.14290100418
2858,213253.84051620588
2859,108988.87528188092
2860,140021.53762040686
2861,134657.09934435264
2862,195662.46064714243
2863,129689.36636318981
2864,242277.53809953012
2865,143931.18988608127
2866,134673.04598474642
2867,97360.46115556713
2868,96140.36527021418
2869,97570.01568255363
2870,132425.6660303345
2871,83748.70669674108
2872,57803.43513807971
2873,98780.15207945398
2874,134490.95454450176
2875,120932.96367436126
2876,163698.8782596429
2877,150369.21704465416
2878,173379.84669685923
2879,140993.58885418082
2880,103586.44985777288
2881,149615.6155426601
2882,182253.38234279546
2883,201797.76725437527
2884,207480.6589475525
2885,189230.50934964573
2886,247425.91431242455
2887,102186.84971621893
2888,154041.21590567802
2889,64686.21847869184
2890,78746.67137011493
2891,147990.0322696098
2892,46425.8394242542
2893,72506.19370076318
2894,51839.2369315381
2895,354745.56019214884
2896,290008.68159272755
2897,201421.3168895501
2898,153323.7621283609
2899,204796.7363036114
2900,164699.3979683959
2901,216886.45791731376
2902,189977.24473837976
2903,320948.09661158576
2904,341963.93747079076
2905,84873.13521377463
2906,182967.01457209638
2907,115078.87990894257
2908,130888.54215545535
2909,158529.0331253695
2910,81696.24740984634
2911,90329.6843905054
2912,150520.0224487963
2913,86551.30854763162
2914,84857.85755050892
2915,95187.06856634414
2916,88340.5723131436
2917,166753.89594520687
2918,122257.98070479355
2919,217487.13581383592
