Id,SalePrice
1461,120622.69495572285
1462,164953.36211032394
1463,184643.07811562915
1464,198429.35629488694
1465,191117.9948630272
1466,172473.2858287681
1467,175256.52611429736
1468,165342.80930878894
1469,191966.31314400048
1470,118511.67509211127
1471,201216.90331379164
1472,97980.02929676266
1473,96983.36112792337
1474,146310.0927759201
1475,109193.6631665007
1476,358064.6071303521
1477,255524.9243955191
1478,284284.1007210351
1479,276337.2166350571
1480,506236.1964583279
1481,331085.61828237853
1482,221153.2286303447
1483,178955.87552370422
1484,160831.84475261244
1485,192700.29376932702
1486,194592.85632610318
1487,319376.7531035556
1488,240449.0273039603
1489,192144.13427539027
1490,235839.09999775968
1491,193901.68349204716
1492,92072.97628546497
1493,181608.96544829334
1494,286107.91863889684
1495,282975.4769063993
1496,232850.09357061904
1497,177078.32625089592
1498,168990.87770724067
1499,157563.35911238616
1500,160830.77120457107
1501,185898.1937265536
1502,145829.18344523135
1503,295949.4001413293
1504,243809.13334353696
1505,224441.66179544007
1506,203614.87704359417
1507,255239.57645881656
1508,210598.26431472585
1509,155294.38275066044
1510,146579.46347998982
1511,154047.614785438
1512,177352.05824472196
1513,144334.3341035316
1514,155974.3774038591
1515,199014.77087620774
1516,152474.64335038234
1517,177417.8868165736
1518,132355.30531497227
1519,212734.9689838105
1520,131789.78351313403
1521,132357.97009985233
1522,186407.38633879385
1523,111169.16903997083
1524,126173.98284828341
1525,115817.09078434599
1526,116365.97364723538
1527,109449.3062158918
1528,136397.11963897472
1529,149751.0942179907
1530,187655.38686173013
1531,111942.66279592236
1532,101395.41167484368
1533,169611.8228763596
1534,123161.02425695147
1535,148364.09422800195
1536,107832.10834577064
1537,67454.02637669275
1538,155234.486911347
1539,200380.02850420502
1540,96085.74865335714
1541,146670.3528557038
1542,140116.83168519198
1543,203436.97145390316
1544,92748.58236781493
1545,120569.6719184616
1546,139762.77407810334
1547,134539.88695707996
1548,142892.2852847622
1549,126657.26209049216
1550,136292.5659964157
1551,108853.17275374303
1552,136772.10110310282
1553,150653.07704873185
1554,116366.46310539226
1555,173410.2357534088
1556,84568.97711528739
1557,104689.91609967292
1558,105241.08960312809
1559,83015.34912895404
1560,135889.0865279133
1561,131121.57011820932
1562,135425.8233895376
1563,124394.70196341486
1564,161983.785060893
1565,139781.3802825802
1566,255918.69687866073
1567,77701.05445018868
1568,256860.15420325688
1569,131640.13783358206
1570,142018.671617413
1571,123519.93260487133
1572,145477.90352078888
1573,247690.17045861442
1574,121227.16976509213
1575,244976.96776574152
1576,257676.10092527673
1577,181298.4732697707
1578,139486.22358064714
1579,148531.3931969474
1580,193572.00972291557
1581,159881.52050076876
1582,121665.3326181329
1583,304377.1901074626
1584,215966.56678004152
1585,137258.3010691985
1586,64230.81659556793
1587,101081.72856907405
1588,153392.46520595183
1589,99592.37528059557
1590,137963.45163810044
1591,98970.29790710918
1592,119913.82575827904
1593,122829.81181602794
1594,131176.00045531648
1595,111554.66287223455
1596,216221.48952193937
1597,187668.11969206698
1598,227033.90272992835
1599,172684.59821190214
1600,172585.68012811957
1601,67337.69766112362
1602,112650.65119557032
1603,66089.54601863369
1604,267861.49123416137
1605,248655.40405095037
1606,176862.69070934175
1607,182835.10335885835
1608,229476.87037409184
1609,182215.57738266027
1610,151532.64437052584
1611,147663.57918596917
1612,170887.07975152295
1613,171334.36301827276
1614,132371.68775918774
1615,97563.22463751846
1616,85790.06268566409
1617,95471.7078657174
1618,126544.24819265094
1619,134424.6638382769
1620,162595.89136604723
1621,135716.22470597093
1622,138053.49548365327
1623,254378.98974746547
1624,218957.79397637522
1625,118206.96736491329
1626,177410.5027165472
1627,192840.63792668728
1628,267449.87221153826
1629,177698.32231557643
1630,336054.5138652607
1631,224294.36448797552
1632,242246.48422772373
1633,168949.3268102464
1634,187946.6708990315
1635,177016.2739897305
1636,145620.15864303746
1637,209306.67367062398
1638,181862.4384014512
1639,188819.0367412687
1640,257460.52324493893
1641,185854.39801784462
1642,245793.6619467258
1643,211487.5634655317
1644,228395.28674765842
1645,211589.4870775402
1646,156945.70120579074
1647,155567.456293424
1648,131040.58329939983
1649,147987.78387896184
1650,110715.77124585201
1651,121211.01869497099
1652,103065.18664818439
1653,104642.28028801513
1654,144575.3713234506
1655,133518.89257690325
1656,140146.49177970574
1657,150752.21820367768
1658,144264.74009869812
1659,114401.39905493618
1660,157464.84827872625
1661,453727.2556274198
1662,383376.7797258699
1663,379453.5010939195
1664,506508.6020720852
1665,296538.4216979247
1666,315066.7786140342
1667,371813.31688915833
1668,343017.62007696525
1669,291006.99405609944
1670,349478.3502543259
1671,272105.68836387235
1672,421492.6161873682
1673,301537.0823694213
1674,246332.49217177762
1675,206989.20227217552
1676,208684.81409305785
1677,233054.44199029016
1678,464460.2928773176
1679,382661.3782064464
1680,344924.85445592593
1681,242675.30787778093
1682,292163.2284959194
1683,186517.56324588676
1684,174584.4116231943
1685,176719.77569576536
1686,172524.24954943708
1687,167261.6447168057
1688,189886.08584270763
1689,194412.33608661647
1690,199276.01741075004
1691,188970.88038810037
1692,251710.69441277673
1693,169149.6956452372
1694,185712.65040503565
1695,158674.87345035904
1696,273107.0127197063
1697,168771.5343533771
1698,334994.47811821254
1699,311066.55452996
1700,245765.9170960115
1701,270573.9765119722
1702,244950.35506333286
1703,240823.4400973431
1704,279579.73371394345
1705,234709.2454027831
1706,410328.9213377091
1707,202254.508732274
1708,201471.72322886717
1709,272423.4113247923
1710,229910.62531807102
1711,268345.39625638234
1712,259446.43131825852
1713,269316.7752907456
1714,219803.73282652785
1715,211073.34631912064
1716,180811.3934724582
1717,177464.3417392959
1718,139083.42742061472
1719,204543.52593031342
1720,228871.2143460451
1721,164636.43897147293
1722,130239.6236507305
1723,160351.2458905092
1724,201467.4665054806
1725,239688.5160262912
1726,177424.94422442777
1727,156962.0105808271
1728,172013.2318547133
1729,166133.32922958347
1730,157825.93207467662
1731,121515.55609700615
1732,126401.7522166699
1733,112132.86153476847
1734,126834.26546575197
1735,122869.81523336266
1736,105942.90498750171
1737,300462.3092221633
1738,248677.2829446638
1739,233429.975153532
1740,233869.20766130157
1741,199013.90974423476
1742,179490.75381293573
1743,183342.4902311689
1744,352080.507809973
1745,214853.2199022103
1746,184209.81235904404
1747,222556.63264447
1748,231276.7647945149
1749,147421.89505660575
1750,125856.69447436306
1751,252588.4175046096
1752,116536.44472015991
1753,156056.99775991018
1754,201317.6295631471
1755,168782.79671191698
1756,136660.54814484468
1757,123191.38105330548
1758,148720.78863445477
1759,162938.5779964614
1760,164094.08847067796
1761,157371.72635233426
1762,180058.69746338125
1763,184695.65552170356
1764,113662.95105079918
1765,170451.40889556048
1766,191525.51708318116
1767,238103.63788504343
1768,144941.60631448167
1769,176929.2244724412
1770,164575.74435084822
1771,113902.36954268973
1772,139864.10439259323
1773,122967.0852842434
1774,156365.3033419418
1775,149788.18999818322
1776,125590.65131132808
1777,102293.18545194413
1778,143946.6699938203
1779,126062.46302098985
1780,176585.77057176456
1781,125512.2006552805
1782,90921.94868429385
1783,144969.03841385545
1784,107854.75878542314
1785,126332.24074809816
1786,135052.63407342165
1787,168410.0313050885
1788,62934.420478511296
1789,99050.93818415052
1790,82245.8701619495
1791,189922.45961633313
1792,167844.2957793214
1793,128210.94679982486
1794,158287.73644013325
1795,143146.65768701385
1796,121525.14553139271
1797,114948.24139401867
1798,116967.08885815072
1799,109213.65380292195
1800,124558.63813869278
1801,127822.33951730355
1802,130914.97999990193
1803,148240.56289116468
1804,138532.92445089715
1805,135924.5591520413
1806,131435.1205807508
1807,134205.9918200781
1808,120612.30362287725
1809,128286.76041066852
1810,134712.2191152942
1811,85565.75953274975
1812,101324.58975946093
1813,127236.25008023395
1814,91109.90028445325
1815,59481.53518940175
1816,101120.40592573602
1817,113490.32264074056
1818,158040.91876729456
1819,128958.18684137956
1820,66654.98080207806
1821,105951.8344262503
1822,148558.9095794345
1823,53118.040234644744
1824,127879.93787245937
1825,141542.37510493983
1826,109040.0327263062
1827,104201.77975170183
1828,145585.6810098441
1829,125299.34201418345
1830,151535.7787652642
1831,143754.91242883544
1832,61535.04236088941
1833,141447.26815187672
1834,120891.10065188205
1835,134197.10219688958
1836,126960.5578731755
1837,86359.50379787337
1838,129770.96751464912
1839,91695.53475616773
1840,150372.03754483163
1841,135034.69816588046
1842,89571.57952394111
1843,133531.22094642717
1844,130417.38724556242
1845,136779.956866469
1846,156538.5507313845
1847,177760.17207733548
1848,53248.3679189577
1849,108074.85047748956
1850,120639.81771487802
1851,171712.2595595657
1852,126404.4031753091
1853,126183.87521362382
1854,164595.60338538553
1855,146280.55129038895
1856,222956.39804560837
1857,138971.87300425203
1858,133364.00565893707
1859,118291.43694027803
1860,143674.72847013408
1861,118660.95358537234
1862,317214.33743500715
1863,291721.2911462647
1864,291822.236229389
1865,352159.3027471822
1866,313555.02424113324
1867,223367.5730699167
1868,290556.1303444459
1869,209392.6685305018
1870,223342.4142383953
1871,243213.99742667394
1872,178360.51849483058
1873,267439.80256275064
1874,154110.45001872783
1875,205269.98411551438
1876,204033.73953209523
1877,209347.09046281627
1878,204874.77121330754
1879,127280.60290177593
1880,126458.19246982755
1881,250474.33549509998
1882,248659.19837047896
1883,181274.5681416353
1884,208391.96806612852
1885,234939.11370188114
1886,271718.41006714595
1887,218778.45892324354
1888,260421.85390760086
1889,172466.63073013973
1890,116918.2287602742
1891,128351.75569918673
1892,100047.00320605356
1893,131246.04918466977
1894,128371.25555121445
1895,141926.6899966288
1896,122219.27620487889
1897,121601.33306124528
1898,120580.71719537037
1899,154582.02752766781
1900,155158.49008413122
1901,162842.1584185733
1902,159949.58894736491
1903,209878.926657586
1904,129268.84888618503
1905,211197.64009742998
1906,129470.58251543115
1907,226993.24692977194
1908,108222.45920475977
1909,128093.92341253183
1910,119210.88424180941
1911,226594.7429054848
1912,340668.72948987025
1913,139821.33143797395
1914,68160.56168545898
1915,329912.7763768902
1916,53644.42920705113
1917,240110.64540653356
1918,139022.73797475643
1919,184425.2963798876
1920,173153.05028222935
1921,368567.7469488604
1922,302457.6423908307
1923,245994.62556928062
1924,235554.793832234
1925,200285.53608776088
1926,378860.4439687702
1927,138108.01121338498
1928,162465.0281198523
1929,131015.59232156596
1930,125724.79788690654
1931,140150.8653004898
1932,139193.33968173177
1933,180398.9021878149
1934,181716.8667185137
1935,167579.96544173738
1936,192529.46814912785
1937,184357.8367230012
1938,173700.9034400499
1939,236186.5690950312
1940,188613.6522269285
1941,172616.71009771587
1942,185580.60698291918
1943,212957.68883985034
1944,353771.84247488226
1945,368758.2711901906
1946,134088.4579691237
1947,302221.6047839791
1948,181179.56116494423
1949,254295.60009442442
1950,195338.73774959173
1951,255740.10320358726
1952,216588.18354603276
1953,178449.86158354444
1954,183090.2957527131
1955,141300.433162917
1956,343946.5229307825
1957,155181.47497322096
1958,290550.36659568327
1959,152210.83992759394
1960,113398.33003193929
1961,119248.376602863
1962,100545.10589238096
1963,108849.82452527608
1964,111113.77913782737
1965,143676.8349939557
1966,130492.81132340687
1967,286018.59328945214
1968,400609.40336317697
1969,370582.3064676131
1970,383037.2472906392
1971,451402.3614144459
1972,364844.6659124155
1973,279278.02566281485
1974,325245.19166542555
1975,573158.7893848121
1976,276846.442341165
1977,335884.7667403626
1978,336536.2605948436
1979,345074.77454905474
1980,226389.26065503474
1981,355570.47519031196
1982,225429.45365289447
1983,206949.91053184113
1984,168889.9579192468
1985,223126.10026368528
1986,216105.20890530784
1987,177281.12442373892
1988,174733.52753595507
1989,193074.76822280957
1990,209662.19091972525
1991,240375.99742586358
1992,219747.8268764571
1993,166093.43537084517
1994,234337.07669051902
1995,185363.36253278094
1996,242609.80488477182
1997,300801.53397837863
1998,315135.4652934779
1999,271181.6044773487
2000,329601.055156338
2001,272358.31167140725
2002,239673.37718455843
2003,265547.4364001384
2004,295895.3085915993
2005,213851.8245427147
2006,221155.09129886032
2007,252837.42541285395
2008,215554.65411757817
2009,199113.41230239338
2010,195998.6001468007
2011,146220.889114598
2012,169027.19170255517
2013,176681.82777607295
2014,186946.3463111484
2015,208308.4051713461
2016,193056.79398191394
2017,201788.94765648947
2018,117609.72747487086
2019,130415.19158480942
2020,111163.11712277956
2021,96585.92057236923
2022,191233.8796679559
2023,137643.4287407896
2024,280111.4310220207
2025,353807.6130159698
2026,183657.19844397026
2027,165712.02990406525
2028,150038.0913205093
2029,174188.88434549843
2030,276239.22340761404
2031,230801.34668613353
2032,246841.6353021187
2033,263184.6478841459
2034,176548.57406221138
2035,235017.30711408576
2036,207205.71793628205
2037,216886.7640879809
2038,329991.97862916393
2039,221443.46244874957
2040,269849.22105589305
2041,344143.0833714035
2042,205168.0592223345
2043,187713.31028315745
2044,168656.86406812872
2045,216706.94804488702
2046,153205.08823726358
2047,139427.00416249773
2048,143185.9296058662
2049,145154.79604113795
2050,166973.3903932369
2051,102499.9830407908
2052,123052.58756447992
2053,152419.11613837883
2054,98697.89536333115
2055,148464.76690361917
2056,146412.63155461484
2057,111206.77713992224
2058,222264.1444121891
2059,137775.63637205292
2060,187269.78983730692
2061,174121.63386374872
2062,130838.22864187477
2063,125568.50378308349
2064,145126.9331887438
2065,122412.70979836652
2066,171117.56662314342
2067,103758.72729172127
2068,147864.73284100162
2069,89002.63952306996
2070,118686.40746108441
2071,96734.1406527135
2072,134426.88577979198
2073,132542.49196581595
2074,193886.7430056719
2075,144455.59992777507
2076,116623.52996506204
2077,161101.807254532
2078,120074.29825195669
2079,129765.44403689982
2080,124772.27153458452
2081,119773.9272709784
2082,116631.42156662853
2083,147925.981323156
2084,113173.62885930455
2085,116842.18960138562
2086,116748.18369675594
2087,119039.88258400398
2088,97113.83184896864
2089,81687.92740664286
2090,126024.8590770082
2091,103050.88313924306
2092,123708.34959941724
2093,116980.20175844443
2094,110576.81502686626
2095,146926.42555990716
2096,85106.4711336073
2097,94466.77106395233
2098,157204.41396170235
2099,58844.151510731856
2100,71506.33591794892
2101,102488.03563114748
2102,130156.38694216209
2103,104387.37735797414
2104,137412.63462487716
2105,128911.57579150367
2106,57932.71749841208
2107,197411.68942817525
2108,118938.7735188153
2109,115637.88207219423
2110,132093.03660234425
2111,154886.1626714123
2112,141967.83658702017
2113,119070.10882597585
2114,127492.52768636924
2115,170103.30282410886
2116,118172.28614894224
2117,154374.00287115714
2118,125445.32085197009
2119,127484.67311241577
2120,113915.80365993374
2121,120220.23213215564
2122,125290.17054508596
2123,80701.93620975467
2124,150390.6023975884
2125,125601.26601170808
2126,146279.46166970895
2127,167217.4190985378
2128,128028.0693272365
2129,69926.86072535066
2130,135580.04341047042
2131,133216.01137699187
2132,113799.8102189592
2133,126079.18713301711
2134,128304.25822094918
2135,90861.70699970725
2136,78255.9459714595
2137,106540.34366845596
2138,135718.43228221496
2139,151831.3887054735
2140,144070.65950108212
2141,155731.44326130283
2142,132392.21362019808
2143,144990.3340733108
2144,119477.03244817391
2145,139547.77901624204
2146,172449.7441500272
2147,148669.29444888784
2148,138248.89191548064
2149,149862.8529913794
2150,238136.57279974586
2151,111311.79802156083
2152,175446.56696297808
2153,167195.03139270388
2154,106862.86135854611
2155,142557.96619716502
2156,270729.8337316449
2157,233552.7860624806
2158,238883.78821632435
2159,215834.68061627168
2160,186952.3577214765
2161,247519.781048948
2162,430126.4052813204
2163,365268.9825259555
2164,246254.558596283
2165,211140.84267679573
2166,162060.44544421425
2167,215589.39592568745
2168,201586.5140693634
2169,196905.10810399256
2170,228881.83276917183
2171,153348.36540398956
2172,135107.37457710007
2173,162606.26554409738
2174,230179.84627543582
2175,289291.07559726195
2176,297303.3255108392
2177,241306.80834655772
2178,219785.17665921725
2179,134960.65165878317
2180,210176.34630213087
2181,200841.71701486022
2182,230746.03895510983
2183,194032.27857613325
2184,118825.17235370225
2185,118146.36703546764
2186,158865.3240183984
2187,150973.244808913
2188,154989.62329349638
2189,317792.4851809131
2190,83150.29151065047
2191,84157.11936525734
2192,95108.64857808118
2193,114842.07769477511
2194,105156.9637789623
2195,116576.34599685107
2196,100320.92571090619
2197,120127.22733276323
2198,169355.57781948432
2199,200448.60556583916
2200,156145.92659303654
2201,135945.50799108553
2202,229689.95086002047
2203,130669.42350696732
2204,167104.93606945183
2205,119351.18707332255
2206,139967.9141773
2207,219755.24050965556
2208,282894.51430061396
2209,251133.98462268387
2210,116842.59818959326
2211,115507.66600680446
2212,121380.7982227942
2213,107250.6480849423
2214,124576.31442525126
2215,99659.29222531623
2216,150470.9768282788
2217,57805.460294360106
2218,86992.50047117504
2219,78290.70583331525
2220,62746.99519110632
2221,328388.8499130405
2222,282722.778726905
2223,291802.89575505716
2224,207680.56373857986
2225,122702.47106090376
2226,189584.26051340404
2227,208736.42256097007
2228,263570.64689837315
2229,269248.8450070833
2230,152073.68204476015
2231,220868.2903377145
2232,180741.8338915427
2233,179357.61508547334
2234,242287.3270597129
2235,220346.52657848693
2236,266533.60346755676
2237,319732.9735373893
2238,185563.7540840174
2239,110481.03840013003
2240,157123.37989908826
2241,151980.04488594105
2242,125612.30137176404
2243,136670.89278441103
2244,107891.1624664933
2245,103599.86437935111
2246,140309.0711135875
2247,120856.97945718397
2248,119578.95226186626
2249,115141.51382486003
2250,122747.7325873734
2251,93281.73555606607
2252,189296.1174724432
2253,155131.68782342743
2254,175974.37857320163
2255,189312.36835883625
2256,170066.59790365017
2257,209852.8925448105
2258,156423.8698738898
2259,175178.06699990062
2260,120056.12130498039
2261,184328.4362226297
2262,203094.9670610775
2263,375808.67454141856
2264,554823.6279859033
2265,156667.75371413628
2266,292036.31708155107
2267,352959.9089277957
2268,388898.4445370249
2269,153174.3621942381
2270,204444.32924636282
2271,215567.74971264938
2272,199348.89256275032
2273,157354.59613121935
2274,183714.95641597634
2275,168157.32847800333
2276,188400.73469247113
2277,180388.29531405878
2278,142119.00947005735
2279,123962.45569953787
2280,119464.41403172527
2281,174714.00044043586
2282,198878.23875876464
2283,110251.84981731823
2284,116762.62523384643
2285,142895.93589827765
2286,122279.24835154932
2287,365356.684755242
2288,273056.60037164716
2289,369558.466516055
2290,452503.977433363
2291,321298.0574922019
2292,440089.6086875724
2293,477032.74778237264
2294,385012.3762321762
2295,528767.6925870988
2296,304040.54634547734
2297,343967.3591656706
2298,355885.7453473895
2299,355577.65839478216
2300,320607.38547145895
2301,314321.01426938066
2302,255148.56333989478
2303,250394.4535749379
2304,254992.7536541311
2305,214500.56146317808
2306,207188.2278332713
2307,218880.13603054004
2308,235706.51188382908
2309,293344.78222722304
2310,218948.03549535244
2311,210621.59821056167
2312,183809.72665280968
2313,174671.21264348936
2314,179368.38528066763
2315,184734.83286337004
2316,207199.4441798577
2317,199714.9130590852
2318,187447.42225989737
2319,184979.51483117224
2320,177853.0448247274
2321,229235.98614406778
2322,184124.91310982997
2323,189206.55523312613
2324,186532.35365154804
2325,227477.5936364364
2326,172173.25775916927
2327,196137.72374692047
2328,217587.15682531442
2329,200204.67940447663
2330,185798.097037139
2331,358522.6137502823
2332,375955.2464079405
2333,312106.37523020565
2334,253433.04662863488
2335,270932.0794215844
2336,297454.03416394047
2337,193563.7379999476
2338,260235.17802584995
2339,221243.1652894022
2340,406227.07035113743
2341,227437.53041308196
2342,237990.54749291355
2343,230039.98687816216
2344,211359.27920171252
2345,233230.95494025707
2346,210089.17332774922
2347,200082.03915766947
2348,241789.20522165345
2349,185594.4611353133
2350,314609.9935933846
2351,268977.5996501713
2352,261317.59421632058
2353,243191.2533729318
2354,145649.81939865943
2355,142893.74555962422
2356,155704.4574177047
2357,190839.9549290953
2358,203865.29838600784
2359,135265.8800331274
2360,116712.66788135204
2361,155380.18339247457
2362,287396.0133426134
2363,134542.56145322727
2364,158407.6156798951
2365,227472.65396331687
2366,199518.3336677347
2367,235328.12712912116
2368,209925.2949536715
2369,232475.24852558013
2370,171396.3260064207
2371,163493.86758929878
2372,190752.31860979513
2373,282336.7163562702
2374,342088.4631507597
2375,245103.3905818705
2376,317373.6760435753
2377,347135.7143598898
2378,144607.7375380722
2379,207907.18108413008
2380,144761.09339467896
2381,169415.06869163064
2382,217336.30589870719
2383,208046.39207957903
2384,254329.59828573704
2385,170771.9482659565
2386,128419.61962000486
2387,133084.96383974073
2388,103889.22658137133
2389,116150.19338858296
2390,147920.36778376176
2391,144437.89908132752
2392,116165.3190505
2393,171688.85239029475
2394,139925.97842378652
2395,216737.47081659603
2396,146167.7479880923
2397,239934.60603421734
2398,127257.63117544129
2399,67080.35264796433
2400,66395.74038031745
2401,118753.57336425604
2402,140087.23828108332
2403,153830.3363258382
2404,155901.1036231708
2405,166455.4871299228
2406,148418.16559520297
2407,121795.83397644327
2408,157455.5965752591
2409,125225.23980973281
2410,167765.84047231803
2411,111844.72940428779
2412,157236.10437436966
2413,134508.5401330633
2414,166899.65362243546
2415,142322.91245144216
2416,123381.17997389963
2417,135983.4880757779
2418,133127.3926686975
2419,130574.39858667138
2420,119908.1029507082
2421,148832.22255689403
2422,108304.14373452608
2423,117450.37362034245
2424,159262.6632755974
2425,207020.6181822648
2426,137480.01767258006
2427,129206.26028495168
2428,174530.4559731596
2429,116344.45030249804
2430,132028.2673254175
2431,100261.65337058362
2432,145529.3375921668
2433,141279.90008331806
2434,142516.83064769162
2435,149666.1018637115
2436,102000.92495162759
2437,106932.24815247682
2438,117917.47109751728
2439,106399.40572616717
2440,122109.74855884483
2441,91631.85592920733
2442,97181.2354762009
2443,137834.54538888254
2444,142477.0638107571
2445,95817.56045985881
2446,146923.83107783267
2447,209234.97524631736
2448,133895.58274133212
2449,115617.88694367307
2450,147896.94745086285
2451,132569.27650313918
2452,186919.37824337845
2453,99823.18681545103
2454,127289.54988575558
2455,124922.73963267205
2456,136217.15164985487
2457,137343.17077690936
2458,131873.9119931495
2459,116647.59287045118
2460,150293.62593654016
2461,130169.59601048433
2462,136984.58451160058
2463,129697.27609229239
2464,188816.42888215368
2465,144640.1763105949
2466,113075.64904219931
2467,130976.372044194
2468,88607.7828239353
2469,83679.41800241946
2470,193249.89478897222
2471,216501.78199772217
2472,171275.6124966042
2473,110300.39429443749
2474,71006.62612948746
2475,229674.69937548673
2476,119538.90455086285
2477,128983.99753934577
2478,155001.45667576836
2479,102724.46570019332
2480,157818.67361635886
2481,121963.27665192712
2482,126639.5283112519
2483,107849.53213963214
2484,124494.16409863967
2485,123158.98283915789
2486,153620.15353310658
2487,161756.75911021364
2488,172570.77896983933
2489,147043.15136772793
2490,141104.56162314725
2491,88121.26621923105
2492,193518.3709273556
2493,154612.26939353425
2494,147213.64431353586
2495,85667.03427493974
2496,262744.6367818276
2497,158114.7031997868
2498,111514.72441668391
2499,83198.89646500084
2500,121755.08103358136
2501,139870.02004822044
2502,142075.006648663
2503,98246.16518517332
2504,158835.4719933505
2505,221342.42568074595
2506,259074.64379359403
2507,305855.4694554045
2508,261813.04056138062
2509,225118.66524822116
2510,222968.86858553326
2511,172494.6140924834
2512,200138.23386908462
2513,232801.78660661005
2514,266281.6335179929
2515,153770.37792078452
2516,178920.67769962276
2517,150301.92527980977
2518,163678.12667839116
2519,235183.88609153652
2520,226634.91021995753
2521,185368.0655434682
2522,226865.79517268756
2523,116433.41194927492
2524,137717.26877471164
2525,158319.63883808462
2526,139991.33163692255
2527,118031.5826306671
2528,119475.38915890065
2529,143742.52061988972
2530,116308.26562024394
2531,246450.75102645627
2532,232954.5554790956
2533,193236.40543717408
2534,228336.01859835652
2535,293995.8631829948
2536,244594.35151881046
2537,243014.02696437572
2538,187288.58492292496
2539,188737.77383050864
2540,184313.24954983295
2541,184282.25674734422
2542,167465.58186145307
2543,124498.96559674374
2544,122194.09588465457
2545,136606.8358822319
2546,129038.60562432998
2547,138540.38981492005
2548,157903.08652729655
2549,162584.68327827097
2550,1021897.8600072296
2551,140448.0403835329
2552,125207.34022145164
2553,74372.13173800081
2554,93755.91657335107
2555,121125.93279771396
2556,101088.40360455688
2557,102411.42481350117
2558,149167.03089835786
2559,144503.20890563127
2560,157800.22081584216
2561,148209.05829360068
2562,144902.69821750853
2563,145233.28249197066
2564,198270.9631803539
2565,135800.82322025477
2566,150122.607174002
2567,143118.1898189456
2568,199711.94553323518
2569,232493.57723341385
2570,115542.9183664556
2571,203963.44172464797
2572,157669.5533863911
2573,230871.48999403056
2574,348580.93022811617
2575,137204.03449323063
2576,124114.78274787341
2577,139340.2440694525
2578,84480.58743228586
2579,58893.021805741795
2580,99325.49441609798
2581,118607.69588148734
2582,118104.52117965402
2583,305475.1922739165
2584,187635.56948483328
2585,192235.025311693
2586,231761.156296419
2587,204247.39029798217
2588,144329.04299214977
2589,147501.93916268664
2590,213946.0932492999
2591,240489.51099080406
2592,224358.95173020594
2593,273939.57392673293
2594,193729.85177981798
2595,195199.68783606167
2596,299791.67801495484
2597,181719.6618569497
2598,293038.3733362882
2599,337914.83165829896
2600,150231.14594320362
2601,145198.20038777398
2602,89722.73084935863
2603,96243.21998418415
2604,95364.37842088447
2605,82057.0973113027
2606,145826.57271466317
2607,206984.39374722083
2608,188748.8720146881
2609,175867.77314089556
2610,108210.01972702313
2611,128965.36612784892
2612,162447.26090558668
2613,132349.05500028902
2614,119651.29842435781
2615,166968.68754700656
2616,148845.7426032297
2617,195092.50658892308
2618,226134.57032000707
2619,210129.22385050342
2620,191635.1679741982
2621,173552.0992717351
2622,184461.6448420135
2623,240487.7632336901
2624,345768.75803965353
2625,294422.2030273501
2626,173555.68976295332
2627,156895.2172592032
2628,473095.90891429136
2629,494276.249240783
2630,352066.77019504044
2631,490491.33076603117
2632,412702.8397858109
2633,296345.7914160932
2634,415728.843772722
2635,157731.4907796708
2636,167738.65215153105
2637,167318.58388314504
2638,276539.23138560954
2639,191194.94050944113
2640,146032.1100646234
2641,106844.42163406011
2642,203362.09100059213
2643,107629.23292797488
2644,120610.420477746
2645,116074.9179949664
2646,99011.86155076389
2647,105792.04438795427
2648,145407.64633088044
2649,159039.02087758394
2650,141230.40171607904
2651,141203.79224147022
2652,410667.30289346323
2653,260300.1118830124
2654,251549.33841023082
2655,406221.06000291806
2656,330353.36792946217
2657,362405.51604358223
2658,304945.18056328135
2659,285210.03850448853
2660,369519.1192093836
2661,348594.6535663486
2662,358389.0725091923
2663,289833.2020211936
2664,277823.8059920221
2665,331324.90585646883
2666,292548.90571551264
2667,173924.9506073631
2668,178517.29975691828
2669,189760.18922262153
2670,285144.0956612953
2671,186112.9339865088
2672,200220.3231809743
2673,206183.66344206475
2674,198253.1841101532
2675,175698.71106444657
2676,195860.37491249354
2677,199620.6764945077
2678,255934.5965413006
2679,272724.16557269427
2680,294056.31854500953
2681,379198.505878457
2682,311593.5422266345
2683,490206.093644558
2684,307566.7238530747
2685,313695.13807618216
2686,256683.7597907313
2687,300602.26149101567
2688,214122.4252152134
2689,209253.5229783927
2690,413448.7845284379
2691,188512.86016067525
2692,147698.6760223232
2693,206888.5312325016
2694,146458.69761202243
2695,191170.04782752786
2696,182447.3564086125
2697,187193.829655267
2698,195098.67844037627
2699,181934.2997352684
2700,161638.6766478858
2701,152357.0682530685
2702,117944.24403635906
2703,126690.18444426771
2704,141204.20392069643
2705,113789.40207796778
2706,106094.84964055134
2707,127664.17982676554
2708,132295.7116819541
2709,103948.39373321984
2710,126690.16751806249
2711,300149.86114066077
2712,358354.1196669816
2713,175596.04732694718
2714,144557.53951666356
2715,175548.1729941922
2716,146376.51801317927
2717,190467.3007598179
2718,212136.35773213883
2719,157680.30515085987
2720,178335.96408691828
2721,131045.81615763031
2722,165604.6208556398
2723,144128.95850229808
2724,119806.48699322171
2725,127812.00715508299
2726,160898.63186401554
2727,184071.47043249602
2728,189425.87834765416
2729,145851.66165457567
2730,157916.634353412
2731,135252.54209944358
2732,137492.31515582438
2733,156239.61780698315
2734,156797.96421734602
2735,142995.1232909856
2736,140478.56165359862
2737,117925.22401480832
2738,139667.1856945474
2739,154919.41695644433
2740,141552.5734289786
2741,142757.05600415327
2742,159432.56099623782
2743,161250.76696173957
2744,159101.86421860338
2745,144197.8165930607
2746,137084.9989531728
2747,150879.59654149273
2748,119534.75031061114
2749,129644.87334850342
2750,137554.48716428116
2751,136646.46792771865
2752,194156.80308105232
2753,162345.76985265457
2754,198715.85809729033
2755,138866.57769298076
2756,90773.8680103525
2757,69782.94356337152
2758,84828.55208764334
2759,165917.19390714806
2760,122226.53908318571
2761,146874.80554527306
2762,147451.0832670755
2763,180229.15262238152
2764,157877.74149910297
2765,309266.6162761016
2766,130093.49666148565
2767,92989.2095412516
2768,131454.92144125255
2769,128825.7766300621
2770,135639.93976451975
2771,101345.30754280966
2772,112024.84244824197
2773,164110.4846234262
2774,158878.03274840646
2775,112661.53810043061
2776,144378.97602012547
2777,154089.57362274823
2778,109010.31409611307
2779,120892.50677161603
2780,106792.79409168886
2781,100213.46476809314
2782,100770.46098727212
2783,105856.8313447091
2784,129975.375848122
2785,140842.06910349525
2786,70070.44503505464
2787,133016.88894595392
2788,78765.6823015669
2789,159054.2193525738
2790,101498.96263588664
2791,115090.059319205
2792,64209.85260789591
2793,173057.16432351273
2794,96892.49026450865
2795,123203.30988687435
2796,101010.64992543453
2797,211940.2803646049
2798,99342.96784526846
2799,107996.6591538514
2800,71653.11803251697
2801,104046.21348598691
2802,130506.95107523032
2803,165499.13235351708
2804,134411.390661543
2805,103523.52219966744
2806,84073.35227931026
2807,168455.88980128174
2808,149068.82336353595
2809,140413.7728637713
2810,126531.01788985364
2811,167549.07640037243
2812,158989.19302701743
2813,159548.1276679845
2814,162324.37820352797
2815,88512.03910317397
2816,239968.02094322434
2817,159853.27792897695
2818,136964.91089925123
2819,177284.88376871662
2820,141544.55175184167
2821,98612.21907162972
2822,200679.33363833214
2823,355790.079233779
2824,178952.0439099592
2825,141495.81723967227
2826,144282.63251246858
2827,137646.99153953267
2828,225707.89183184897
2829,213317.32717216434
2830,240130.2364815041
2831,174144.63728496796
2832,260662.17270062622
2833,301048.5425483274
2834,231054.78701251897
2835,225793.88768141088
2836,196615.652586839
2837,167119.89280436377
2838,149736.2787577293
2839,174061.56915972824
2840,207484.56852489006
2841,205833.4707930019
2842,237849.67362256805
2843,149371.86187887704
2844,171255.6783798603
2845,129640.02904833069
2846,208814.84666018074
2847,217394.5977615537
2848,228026.25078659775
2849,193271.82258728545
2850,283101.6021914789
2851,216258.91217677956
2852,247527.47212395194
2853,233524.65098575637
2854,139880.9992789307
2855,199938.38508928218
2856,202080.44061737973
2857,188403.8750216164
2858,209346.95652058444
2859,112489.67145268196
2860,141388.07261767198
2861,135068.256508997
2862,200550.41749500533
2863,128086.5547051011
2864,242799.82910362034
2865,139614.31711373775
2866,134158.51080824216
2867,95207.48201216281
2868,99008.24453338965
2869,99429.94205583075
2870,127566.79977728985
2871,80923.48298431044
2872,54510.26863401888
2873,97979.20261249144
2874,138703.86556880194
2875,123635.43870966698
2876,171942.09382945893
2877,158947.20892980546
2878,170218.65134495168
2879,148010.72029967047
2880,103999.72584053219
2881,144747.51616538104
2882,176665.60077396396
2883,196552.62634915547
2884,200763.31517750092
2885,183586.79787168774
2886,243716.59455657157
2887,99202.70022870821
2888,151664.995014564
2889,60832.47862356211
2890,76500.3781391546
2891,144121.5642228379
2892,51370.865918157324
2893,79378.08018549702
2894,56096.3989769967
2895,342518.2901685161
2896,286216.25030595396
2897,202678.53983383396
2898,147833.78565417885
2899,206690.20068662518
2900,167323.29047050475
2901,221890.90470699102
2902,186405.8169509862
2903,323195.0849594154
2904,346511.4924780825
2905,89680.43342669444
2906,185627.3782568641
2907,115657.88867106005
2908,127604.93726003416
2909,156679.7429407036
2910,80718.1758012344
2911,88735.31708742942
2912,152387.4495219835
2913,83428.28581742846
2914,83474.34763956655
2915,95357.78313249373
2916,85342.39843721842
2917,168987.6837333007
2918,122772.51464561126
2919,217704.15475500486
